0.3190000000 2.5069872480 3.2938322025 0.0007091377 -0.0007091377 0.0421471568 -0.0008117588 0.0438829004 -0.0009924707 -0.0011189094 
0.4190000000 2.5527983425 3.2857802027 0.0007678388 -0.0007678388 0.0381396019 -0.0008264563 0.0401212664 -0.0010725836 -0.0011636918 
0.4990000000 2.5799166401 3.2789744361 0.0008071344 -0.0008071344 0.0358137541 -0.0008335677 0.0379238703 -0.0011271494 -0.0011924036 
0.6000000000 2.6067424057 3.2707732250 0.0008502382 -0.0008502382 0.0335403104 -0.0008452421 0.0357661629 -0.0011877239 -0.0012290077 
1.1000000000 2.6833258572 3.2395068297 0.0010066074 -0.0010066074 0.0271506157 -0.0009028772 0.0296373729 -0.0014120432 -0.0013859828 
1.6000000000 2.7228389863 3.2189801065 0.0011169971 -0.0011169971 0.0238816139 -0.0009619637 0.0264625044 -0.0015732623 -0.0015221750 
3.1000000000 2.7806303923 3.1837942520 0.0013446987 -0.0013446987 0.0190893883 -0.0011071785 0.0217527319 -0.0019095260 -0.0018406096 
5.6000000000 2.8217274306 3.1551961642 0.0015923639 -0.0015923639 0.0156491313 -0.0012808876 0.0183196828 -0.0022780708 -0.0022205978 
10.6000000000 2.8572422515 3.1281946407 0.0019184090 -0.0019184090 0.0126395534 -0.0014999201 0.0152714256 -0.0027651280 -0.0027359672 
20.6000000000 2.8865370941 3.1043869531 0.0023388760 -0.0023388760 0.0101238809 -0.0017389464 0.0126783269 -0.0033945535 -0.0033945682 
30.6000000000 2.9009719599 3.0921610620 0.0026368638 -0.0026368638 0.0088714768 -0.0018985454 0.0113653412 -0.0038410212 -0.0038748614 
40.6000000000 2.9101214147 3.0842462847 0.0028750734 -0.0028750734 0.0080728793 -0.0020201035 0.0105174237 -0.0041980524 -0.0042656124 
60.6000000000 2.9216235610 3.0741168331 0.0032531754 -0.0032531754 0.0070634095 -0.0022013870 0.0094307177 -0.0047648955 -0.0048962216 
70.6000000000 2.9256031976 3.0705660781 0.0034111499 -0.0034111499 0.0067126619 -0.0022722512 0.0090481004 -0.0050017619 -0.0051621959 
