0.3190000000 2.5069872480 3.2938322025 0.0007091377 -0.0007091377 0.0421471568 -0.0008295269 0.0429926919 -0.0009924707 -0.0011243421 
0.4190000000 2.5527983425 3.2857802027 0.0007678388 -0.0007678388 0.0381396019 -0.0008440316 0.0394873154 -0.0010725836 -0.0011706941 
0.4990000000 2.5799166401 3.2789744361 0.0008071344 -0.0008071344 0.0358137541 -0.0008574447 0.0374257158 -0.0011271494 -0.0012069154 
0.6000000000 2.6067424057 3.2707732250 0.0008502382 -0.0008502382 0.0335403104 -0.0008719558 0.0353903378 -0.0011877239 -0.0012476986 
1.1000000000 2.6833258572 3.2395068297 0.0010066074 -0.0010066074 0.0271506157 -0.0009325857 0.0295493466 -0.0014120432 -0.0014128258 
1.6000000000 2.7228389863 3.2189801065 0.0011169971 -0.0011169971 0.0238816139 -0.0009783731 0.0264912301 -0.0015732623 -0.0015398013 
3.1000000000 2.7806303923 3.1837942520 0.0013446987 -0.0013446987 0.0190893883 -0.0011113019 0.0219080564 -0.0019095260 -0.0018552444 
5.6000000000 2.8217274306 3.1551961642 0.0015923639 -0.0015923639 0.0156491313 -0.0012482949 0.0185344355 -0.0022780708 -0.0022101658 
10.6000000000 2.8572422515 3.1281946407 0.0019184090 -0.0019184090 0.0126395534 -0.0014303973 0.0155124756 -0.0027651280 -0.0027057729 
20.6000000000 2.8865370941 3.1043869531 0.0023388760 -0.0023388760 0.0101238809 -0.0016647293 0.0129170105 -0.0033945535 -0.0033832757 
30.6000000000 2.9009719599 3.0921610620 0.0026368638 -0.0026368638 0.0088714768 -0.0018169894 0.0115921045 -0.0038410212 -0.0038729558 
40.6000000000 2.9101214147 3.0842462847 0.0028750734 -0.0028750734 0.0080728793 -0.0019305234 0.0107322032 -0.0041980524 -0.0042686812 
60.6000000000 2.9216235610 3.0741168331 0.0032531754 -0.0032531754 0.0070634095 -0.0020932315 0.0096239708 -0.0047648955 -0.0048996422 
70.6000000000 2.9256031976 3.0705660781 0.0034111499 -0.0034111499 0.0067126619 -0.0021557426 0.0092323524 -0.0050017619 -0.0051645850 
