0.0875000000 2.2908301369 3.3985922023 0.0003626154 -0.0003626154 0.0677233166 -0.0006770441 0.0677655671 -0.0005632725 -0.0008779516 
0.0885000000 2.2934205053 3.3987719651 0.0003643965 -0.0003643965 0.0674238029 -0.0006767117 0.0674975805 -0.0005655556 -0.0008783113 
0.0893000000 2.2954666540 3.3989034979 0.0003658091 -0.0003658091 0.0671877133 -0.0006763110 0.0672862725 -0.0005673676 -0.0008784613 
0.0895000000 2.2959746188 3.3989347215 0.0003661606 -0.0003661606 0.0671291711 -0.0006761890 0.0672338631 -0.0005678186 -0.0008784765 
0.0990000000 2.3185863601 3.3997504153 0.0003821388 -0.0003821388 0.0645502260 -0.0006680923 0.0649197715 -0.0005883921 -0.0008767138 
0.1490000000 2.4042637622 3.3928356693 0.0004496221 -0.0004496221 0.0552294025 -0.0006422064 0.0564514379 -0.0006768685 -0.0008796204 
0.2990000000 2.5286178630 3.3560967614 0.0005769292 -0.0005769292 0.0427702037 -0.0006755834 0.0448369575 -0.0008504081 -0.0009761311 
0.9000000000 2.6763836866 3.2760078902 0.0008260295 -0.0008260295 0.0290758212 -0.0007594185 0.0316657937 -0.0012064610 -0.0012106437 
5.9000000000 2.8297663765 3.1589622803 0.0014898166 -0.0014898166 0.0153900056 -0.0011771866 0.0180902507 -0.0021885308 -0.0021425953 
15.9000000000 2.8784254679 3.1161246669 0.0020383444 -0.0020383444 0.0110445403 -0.0015222093 0.0136425841 -0.0030081003 -0.0030018641 
25.9000000000 2.8969328029 3.0992308358 0.0023814907 -0.0023814907 0.0093832825 -0.0017068158 0.0119086733 -0.0035216863 -0.0035433395 
35.9000000000 2.9076988165 3.0892617645 0.0026440368 -0.0026440368 0.0084142329 -0.0018435341 0.0108831241 -0.0039148845 -0.0039695750 
55.9000000000 2.9205094861 3.0772690181 0.0030487073 -0.0030487073 0.0072582784 -0.0020422850 0.0096419969 -0.0045211861 -0.0046407435 
65.9000000000 2.9247989405 3.0732226307 0.0032149175 -0.0032149175 0.0068704824 -0.0021184682 0.0092199295 -0.0047702738 -0.0049194522 
