0.0875000000 2.3572347494 3.5654744301 0.0002775665 -0.0002775665 0.0650552944 -0.0005674702 0.0658667116 -0.0004627248 -0.0007572762 
0.0885000000 2.3594226924 3.5642221456 0.0002790713 -0.0002790713 0.0647918875 -0.0005672912 0.0656297060 -0.0004648323 -0.0007578874 
0.0893000000 2.3611513636 3.5632271632 0.0002802663 -0.0002802663 0.0645841009 -0.0005671017 0.0654425787 -0.0004665061 -0.0007583256 
0.0895000000 2.3615805684 3.5629793638 0.0002805638 -0.0002805638 0.0645325553 -0.0005670621 0.0653961433 -0.0004669229 -0.0007584424 
0.0990000000 2.3807093517 3.5516331438 0.0002941627 -0.0002941627 0.0622531497 -0.0005609324 0.0633345076 -0.0004859977 -0.0007594898 
0.1490000000 2.4536616462 3.5032710861 0.0003531344 -0.0003531344 0.0538625247 -0.0005361500 0.0556139463 -0.0005692717 -0.0007665718 
0.2990000000 2.5612617900 3.4194187105 0.0004699286 -0.0004699286 0.0422426367 -0.0005589371 0.0446067242 -0.0007367024 -0.0008564062 
0.9000000000 2.6927013207 3.3022633794 0.0007101169 -0.0007101169 0.0289729868 -0.0006456957 0.0316792046 -0.0010878622 -0.0010973031 
5.9000000000 2.8345360331 3.1651566757 0.0013692537 -0.0013692537 0.0153860748 -0.0010611097 0.0181038450 -0.0020676111 -0.0020279698 
15.9000000000 2.8808974847 3.1191115815 0.0019172863 -0.0019172863 0.0110443826 -0.0014067877 0.0136462416 -0.0028870145 -0.0028872360 
25.9000000000 2.8987200636 3.1013307803 0.0022603639 -0.0022603639 0.0093834821 -0.0015912932 0.0119095541 -0.0034006080 -0.0034280885 
35.9000000000 2.9091370978 3.0909241692 0.0025228998 -0.0025228998 0.0084144992 -0.0017269229 0.0108828819 -0.0037938279 -0.0038528691 
55.9000000000 2.9215805263 3.0784828597 0.0029275862 -0.0029275862 0.0072585413 -0.0019251496 0.0096404101 -0.0044001717 -0.0045227529 
65.9000000000 2.9257587904 3.0743032868 0.0030938085 -0.0030938085 0.0068707313 -0.0020010709 0.0092179944 -0.0046492774 -0.0048008792 
