0.0875000000 2.3572347494 3.5654744301 0.0002775665 -0.0002775665 0.0650552944 -0.0005273209 0.0648639557 -0.0004627248 -0.0007113917 
0.0885000000 2.3594226924 3.5642221456 0.0002790713 -0.0002790713 0.0647918875 -0.0005271953 0.0646409319 -0.0004648323 -0.0007120917 
0.0893000000 2.3611513636 3.5632271632 0.0002802663 -0.0002802663 0.0645841009 -0.0005271790 0.0644648022 -0.0004665061 -0.0007127315 
0.0895000000 2.3615805684 3.5629793638 0.0002805638 -0.0002805638 0.0645325553 -0.0005272101 0.0644210839 -0.0004669229 -0.0007129260 
0.0990000000 2.3807093517 3.5516331438 0.0002941627 -0.0002941627 0.0622531497 -0.0005324185 0.0624781966 -0.0004859977 -0.0007256430 
0.1490000000 2.4536616462 3.5032710861 0.0003531344 -0.0003531344 0.0538625247 -0.0005534359 0.0551571192 -0.0005692717 -0.0007800879 
0.2990000000 2.5612617900 3.4194187105 0.0004699286 -0.0004699286 0.0422426367 -0.0006075998 0.0445833621 -0.0007367024 -0.0009047574 
0.9000000000 2.6927013207 3.3022633794 0.0007101169 -0.0007101169 0.0289729868 -0.0006878870 0.0319638345 -0.0010878622 -0.0011476460 
5.9000000000 2.8345360331 3.1651566757 0.0013692537 -0.0013692537 0.0153860748 -0.0010258638 0.0184784800 -0.0020676111 -0.0020331537 
15.9000000000 2.8808974847 3.1191115815 0.0019172863 -0.0019172863 0.0110443826 -0.0013272000 0.0139883011 -0.0028870145 -0.0028827969 
25.9000000000 2.8987200636 3.1013307803 0.0022603639 -0.0022603639 0.0093834821 -0.0015051987 0.0122225819 -0.0034006080 -0.0034398187 
35.9000000000 2.9091370978 3.0909241692 0.0025228998 -0.0025228998 0.0084144992 -0.0016359597 0.0111735456 -0.0037938279 -0.0038769835 
55.9000000000 2.9215805263 3.0784828597 0.0029275862 -0.0029275862 0.0072585413 -0.0018153625 0.0098970214 -0.0044001717 -0.0045530939 
65.9000000000 2.9257587904 3.0743032868 0.0030938085 -0.0030938085 0.0068707313 -0.0018827342 0.0094612449 -0.0046492774 -0.0048322585 
